2688.004855
2046.262987
1940.074924
1944.181985
2246.404284
2356.444486
2251.475493
1951.850713
1927.093543
1943.701701
2049.241844
2042.953065
1840.374838
1942.601345
1838.933843
1829.340748
1748.105177
1840.22127
1940.25965
1844.113741
1839.109094
1839.374615
1944.356381
1943.227527
1827.088302
1777.515306
1770.136894
1782.628469
1843.580166
1833.967107
1873.100357
1792.547529
1719.035153
1985.648669
1696.880172
1857.721164
1865.870822
2352.789475
2148.990809
2351.250253
2144.707949
1984.281347
2112.542494
2050.437712
2106.894897
2398.104755
1921.660661
2161.685406
2249.858227
1935.500936
2053.680185
1940.924314
2455.730523
2457.081393
1941.76012
2355.090075
2453.593644
2354.530027
2032.489011
2160.63901
2147.877368
2147.13254
2045.293647
2135.037668
2166.670236
2042.523743
1937.008828
2045.136367
1954.904964
2236.490344
1945.368042
1944.343139
2145.961748
2249.473364
2156.773213
1932.499494
1840.372434
1972.523192
1897.951349
2279.832853
3420.089799
2619.15946
2190.355474
2368.703565
2372.812472
2471.360009
2263.337331
2260.34638
2082.676633
2369.707691
2066.926948
2364.054188
2247.009609
2349.070754
2147.197074
2169.866645
1920.991865
2147.665387
2046.078842
2147.294661
