2314.910426
1833.009906
1843.690729
1858.239846
2739.639608
1939.900225
1839.57637
1942.133791
2610.762317
1998.448302
1830.733467
2056.87938
1734.162996
1936.189324
1942.398365
2251.929179
2044.14328
2043.250594
2045.474198
2352.080013
1895.752638
1751.441459
2079.310058
2044.536805
2060.595895
2439.531628
2251.437694
2247.99673
2251.659515
2043.796888
2047.25356
1949.056295
1951.17416
2131.730342
2148.891647
2249.886702
2353.209229
2252.742542
2146.947858
2250.056289
1829.646935
1854.139017
2041.057569
1942.560031
2039.235127
2156.839394
2143.800368
2045.702592
2049.107766
2042.821929
2255.405084
2142.711501
1944.301977
2355.174148
2062.089109
2339.902482
2144.323027
2228.799364
1864.85146
2045.969352
2116.048176
2177.535431
2164.711158
2025.047916
2353.121102
2049.436797
2042.67096
1941.941215
2052.354539
2348.302297
2042.574753
2354.420842
2145.696256
2250.338568
2022.222863
2165.629477
2459.018186
2433.198343
1863.716658
2206.380905
2174.310722
1960.823269
2129.624703
1934.555616
2071.621965
1944.322395
1937.694422
1948.544552
2143.507313
2049.770707
1942.978187
2049.027632
2137.180905
2057.640613
1835.250572
2052.516876
1945.222492
1932.799447
2060.762985
1938.80168
2050.959137
1835.906693
1842.866918
1943.486048
