1326.982769
1023.140072
1023.649835
1090.653332
920.542844
1022.845337
1076.913315
920.241949
877.474872
1025.878307
1023.704671
1024.292335
1228.438683
1331.16852
919.295123
1023.401181
1022.672351
1023.476006
920.705361
921.678082
1023.744655
922.63425
1330.51255
1023.476632
923.851376
1023.420485
1023.482816
920.562783
921.051587
920.705407
921.219723
920.947601
1023.49755
1333.248791
1227.666501
896.573838
919.621935
1023.460196
1023.645703
1023.316311
1331.05729
1331.787024
921.818213
920.988766
1027.243411
1021.957091
1023.383154
1023.630362
920.359023
1111.262542
1330.74073
1225.373664
1022.535421
1023.462348
1330.895935
1026.299304
1330.273978
921.522385
918.814212
921.276763
1024.784705
1329.658389
1026.000067
920.856241
1021.500401
921.430147
1023.660241
1023.719449
1026.865441
918.119841
1016.223339
1329.888711
1330.712817
919.6812
921.424979
1330.623949
1022.997574
921.102093
1228.425159
1023.616563
1126.16992
1331.106309
1023.649102
1023.558015
920.851932
1024.81186
919.927437
919.926975
1020.566238
1433.141731
1330.757185
922.354271
1330.855861
1025.193419
1331.514434
922.755827
1328.428833
1331.19014
1023.447857
1331.076988
1374.014845
1022.445406
921.383688
921.345783
919.48033
1024.740588
1023.117807
1021.211307
1022.55364
921.747274
1327.681478
1331.346488
1021.955766
1429.709657
920.378185
1326.894388
1326.37152
1330.236128
921.588601
