36959.893733
32158.614657
35884.06355
34032.956344
31079.974656
31071.04446
32973.471783
32046.421882
32974.689457
32077.122617
35941.352949
33015.568169
34916.557761
36965.245905
30003.637083
34958.703687
33984.397056
36084.068182
31975.525033
30988.2709
30007.096535
31973.274871
36039.521338
35916.789327
33025.626163
32874.295988
30994.269242
31021.192894
31136.065569
32953.361392
33059.779916
30044.925373
34924.606615
31949.703199
36994.977973
40040.645966
29079.84695
34982.206334
29902.29227
33957.570229
32977.017674
30006.51314
29902.688626
30897.739752
35857.632137
31022.623024
31063.464361
32057.243668
31100.509556
35039.55256
32253.498131
33079.157148
30999.202654
31130.528507
31007.430724
35945.374579
36987.101113
33898.576935
36044.421735
35057.699354
33896.69007
32870.88987
33890.789588
41895.931046
31951.745597
33165.136689
38921.837478
31025.026446
35842.454173
32973.60619
33898.986412
32154.085102
35021.206397
32053.980018
32027.144063
34206.305526
30858.480663
33969.125543
30105.037865
33073.268383
36953.35653
32255.080125
30828.256272
29897.327275
33129.24279
31881.20666
32871.495962
31029.94706
31127.198526
29901.659072
32975.07445
30925.994258
29106.657892
30102.519491
30922.628412
31904.036721
32056.610878
30103.682099
29985.343589
32048.241768
