23032.5753
16828.601123
16073.601093
17819.570065
17867.234427
19000.709656
15055.236247
15033.497383
16000.171848
17101.869684
17921.861951
15984.703103
18909.382629
16181.187769
22113.032901
20922.244696
16896.397729
15070.877315
15971.005029
15082.390784
18016.210363
18065.904525
15974.44931
15973.52707
15973.002928
15051.338655
19932.836919
15052.800939
20887.188913
16180.483334
15927.775157
14845.546347
16919.319128
15030.939883
16073.959666
15995.149526
18989.90886
16982.93683
20070.482931
16893.818706
14848.680996
21936.56806
15977.4612
14032.577861
16893.124996
15993.796278
14125.92813
14951.811236
16047.303517
15050.582388
19885.485877
17918.212969
14991.229943
17818.550282
14913.740245
16999.322583
13925.243089
15972.316191
15976.09317
16041.458616
21911.095889
19969.093216
14030.417689
15870.681957
15053.902674
16998.986819
14849.927911
15928.815325
18001.515362
15057.259826
15944.330874
16009.291237
14962.001477
17917.855493
15974.624522
15975.173102
15094.900721
21854.9995
14704.90027
15051.113417
15054.715979
15995.497637
16998.959892
16996.228676
16028.734826
14958.24401
20073.382972
16078.314328
17153.109241
14972.878513
16992.373674
15248.776636
14813.384378
16118.860011
15049.19202
19916.787645
20976.049764
15049.299258
20902.505031
16073.388157
