35079.091278
29912.149381
32086.708904
28977.392111
31948.188463
32050.639027
33076.147306
31949.214624
31945.429319
35022.457726
33978.964736
31004.86545
32939.136167
30050.981329
40059.804215
44952.139607
31006.986909
36984.083162
33998.310172
30001.160564
29987.651024
32063.597701
30014.367394
29989.687711
30924.102297
30002.204585
33071.819903
33894.212346
32028.138687
31049.831264
31947.442068
36042.757177
31024.453555
31903.159987
31068.846906
36042.068224
31946.847154
31025.415424
31903.704488
30045.438611
32970.255461
42084.342116
33892.290503
37987.201378
32053.863406
32967.860558
31028.337277
31024.382034
29902.404541
33065.390321
32048.812607
31886.360692
36104.300015
30105.442091
31843.839467
30000.819634
33994.676393
33994.280529
31024.927323
32975.247674
29998.75456
41975.878077
29997.73324
32047.540355
35942.978986
33964.011296
32071.751869
29999.30203
31025.086221
32973.364543
34928.75481
30082.680458
29899.520755
34095.978962
31944.976865
30000.078324
31060.747189
33896.433049
30059.474328
32973.251975
29997.337085
31023.307171
31024.211676
36963.074655
29999.75465
30923.255842
36041.087241
30963.625916
31087.556186
31943.342288
31024.613365
35019.427044
30895.998373
30027.173882
39949.309265
44998.151745
32089.743507
35941.845267
33071.2652
34915.010712
