10021.05596
11062.371462
8919.33076
13005.455501
10036.604024
10956.203362
10030.955104
19965.832907
9932.939004
13002.63506
11140.256089
15975.49452
9046.864088
16078.022778
10028.159589
15973.425458
15974.980145
10960.3971
18021.863288
10956.410975
16006.870837
11983.372539
12003.512998
10958.023703
12020.515724
9835.720521
14029.590063
18945.214546
9014.786132
18129.551075
20993.82056
10034.792192
11058.64845
15975.514889
11926.372192
10956.334294
14949.830765
10955.557838
15052.158172
10955.941388
10956.602376
10035.019927
9903.482908
15057.844869
9932.534446
12083.592753
14950.388303
11110.130833
20070.757493
15973.743049
11934.170107
14949.556443
11060.059019
10956.779024
9932.693068
15052.968727
16076.954113
15053.392809
15030.207102
9927.926697
15052.681473
11777.131351
11086.792396
11981.258968
11059.10851
10034.600344
14949.850158
9933.208783
9011.929493
15053.004379
11055.57666
13927.512701
10018.509631
11980.472296
10963.546749
9011.570732
10035.540647
10957.097283
18023.888243
9933.218092
10913.118631
10952.251547
