21907.363227
21195.593758
20989.550066
32924.878686
20068.507132
20069.949611
19967.469526
20066.859687
24985.692984
24920.152511
23965.018253
31024.385455
23958.392018
20989.722746
24952.597829
20990.891564
20997.007575
22050.937598
25987.310813
27021.971028
23033.549232
19969.94592
19001.200421
20992.473239
22943.285774
20991.686339
19990.337417
19985.267408
20989.849811
20890.650821
25013.436374
20989.859307
22013.919994
23041.30091
27033.679267
19967.110804
19915.760355
20988.873638
19967.190207
33074.347053
21007.779109
23039.691668
21107.170664
24879.929137
24919.602504
21914.259765
26947.242142
21913.127584
24064.194878
19045.542107
23041.081493
24984.865109
22014.100365
20066.686126
24062.786059
21985.445092
19966.016305
21910.414018
22014.954379
20993.075993
28034.941007
28055.837497
18943.399115
23934.242352
26936.361907
24097.547686
20003.635472
21092.035374
20084.540298
24097.845771
26113.953332
22029.663431
26907.490193
20078.746918
28984.38735
22018.22286
20129.527034
20073.293431
20918.064214
22021.520849
23044.820652
20992.105204
21201.224787
20057.251011
26810.081512
23028.029125
22085.407788
23953.298358
19966.609186
36958.124252
19042.596722
27022.948551
20988.789465
26945.76262
22015.281929
20024.714902
29017.021281
25084.178139
25907.608673
21007.432294
24986.569379
24936.532918
26933.150559
22015.950396
18945.469563
26010.706636
26933.002256
20993.531068
31951.228877
31028.263127
29901.832404
22015.911047
30005.323634
20045.850113
46081.888589
20994.873264
27033.916217
20378.221301
28061.884706
26011.419248
22017.283966
27957.255073
26046.728312
19970.413045
20992.670112
21914.137039
23041.506829
26935.297532
30004.994906
23040.516788
