39966.400484
43041.474176
47994.020265
42974.167999
45973.287318
42084.518924
44030.006899
39935.62887
49016.865794
48024.497942
44031.343864
42974.307965
53042.410105
47919.6078
44030.475686
43006.969753
42906.265309
45053.558212
47056.847004
43005.425403
56934.610269
48024.71864
48895.557744
57084.624087
40084.790567
44990.371569
48055.479257
48968.655938
45073.374552
42055.846955
48959.601658
49983.234541
42950.240508
51996.808253
43993.793152
55915.356142
56921.470293
45972.749161
41938.83769
51038.173801
42981.411412
45978.521582
41985.343015
57044.331254
42968.067052
51102.08119
49053.57181
58063.608189
45980.32126
59919.140797
